6 26 3
0.064479638009   0.0101809954751   0.0203619909502   0.0237556561086   0.121040723982   0.0248868778281   0.027149321267   0.0576923076923   0.0904977375566   0.0   0.00452488687783   0.0509049773756   0.0339366515837   0.0701357466063   0.0701357466063   0.0282805429864   0.00226244343891   0.0633484162896   0.0599547511312   0.0859728506787   0.0294117647059   0.0147058823529   0.0192307692308   0.0   0.0248868778281   0.00226244343891
1 0 0
0.0828897338403   0.0182509505703   0.0152091254753   0.038783269962   0.136882129278   0.0266159695817   0.0243346007605   0.0851711026616   0.0441064638783   0.000760456273764   0.000760456273764   0.0448669201521   0.0205323193916   0.0600760456274   0.0737642585551   0.0152091254753   0.000760456273764   0.0661596958175   0.06463878327   0.101140684411   0.025855513308   0.0152091254753   0.0243346007605   0.0   0.012927756654   0.000760456273764
1 0 0
0.0800237107291   0.00711321873148   0.0302311796088   0.040901007706   0.153526970954   0.0148192056906   0.00948429164197   0.0077059869591   0.0871369294606   0.000592768227623   0.0   0.0563129816242   0.0272673384707   0.0776526378186   0.0462359217546   0.0290456431535   0.0160047421458   0.0622406639004   0.0764671013634   0.0841730883225   0.062833432128   0.0177830468287   0.0   0.00533491404861   0.00533491404861   0.00177830468287
0 1 0
0.0659045057162   0.0114324142569   0.0336247478144   0.0329522528581   0.143913920646   0.0100874243443   0.0188298587761   0.00739744451917   0.0578345662408   0.00470746469401   0.0   0.0437121721587   0.0215198386012   0.0746469401479   0.0733019502354   0.0248823133826   0.0100874243443   0.0914593140551   0.116341627438   0.0659045057162   0.0551445864156   0.0228648285138   0.0   0.00470746469401   0.00403496973773   0.00470746469401
0 1 0
0.120104438642   0.0261096605744   0.0339425587467   0.0391644908616   0.0704960835509   0.0   0.00261096605744   0.00261096605744   0.0783289817232   0.0365535248042   0.0313315926893   0.0130548302872   0.0783289817232   0.0417754569191   0.0678851174935   0.0365535248042   0.0   0.065274151436   0.0574412532637   0.0156657963446   0.00522193211488   0.0   0.0365535248042   0.0   0.0339425587467   0.107049608355
0 0 1
0.0876923076923   0.02   0.0523076923077   0.0230769230769   0.08   0.00153846153846   0.0215384615385   0.0169230769231   0.0830769230769   0.0246153846154   0.0369230769231   0.02   0.0276923076923   0.0553846153846   0.0723076923077   0.0384615384615   0.0   0.0523076923077   0.06   0.0384615384615   0.0276923076923   0.00153846153846   0.0446153846154   0.0   0.0415384615385   0.0723076923077
0 0 1
